08000001
08000010
08000013
08000023
08000025
08011201
08011306
08011102
08011160
08010255
08011118
08011113
08010405
08010406
08010036
08010404
08000036
08000038
08000041
08000044
08000049
08000050
08000055
08010184
08010073
08000068
08000080
08010085
08010089
08000086
08000082
08001580
08000085
08010101
08000098
08000105
08002041
08010113
08000107
08000115
08000114
08000118
08000124
08000128
08000142
08010159
08002548
08002549
08002553
08000147
08000149
08000150
08000152
08000156
08000157
08000162
08000169
08000183
08000189
08000191
08000193
08003200
08000199
08000206
08000207
08003368
08000217
08010205
08000237
08000236
08000238
08010224
08000240
08000244
08000253
08000261
08000262
08004158
08000263
08000271
08000274
08000275
08000284
08000286
08000290
08000291
08000294
08000297
08000299
08000302
08012666
08000309
08000316
08000320
08010304
08000323
08000073
08000087
08000096
08000134
08000141
08000168
08000170
08000250
08006552
08000257
08000266
08000260